-0.0960 -0.0960 0.0058
-0.1920 -0.1920 0.0698
-0.2880 -0.2880 0.1338
-0.3840 -0.3840 0.1978
-0.4800 -0.4800 0.2618
-0.5760 -0.5760 0.3258
-0.6720 -0.6720 0.3898
-0.7680 -0.7680 0.4538
-0.8640 -0.8640 0.5178
-0.9600 -0.9600 0.5818
-1.0560 -1.0560 0.6458
-1.1520 -1.1520 0.7098
-1.2480 -1.2480 0.7738
-1.3440 -1.3440 0.8378
-1.4400 -1.4400 0.9018
-1.5360 -1.5360 0.9658
-1.6320 -1.6320 1.0298
-1.7280 -1.7280 1.0938
-1.8240 -1.8240 1.1578
-1.9200 -1.9200 1.2218
-2.0160 -2.0160 1.2858
-2.1120 -2.1120 1.3498
-2.2080 -2.2080 1.4138
-2.3040 -2.3040 1.4778
-2.4000 -2.4000 1.5418
-2.4960 -2.4960 1.6058
-2.5920 -2.5920 1.6698
-2.6880 -2.6880 1.7338
-2.7840 -2.7840 1.7978
-2.8800 -2.8800 1.8618
-2.9760 -2.9760 1.9258
-3.0720 -3.0720 1.9898
-3.1680 -3.1680 2.0538
-3.2640 -3.2640 2.1178
-3.3600 -3.3600 2.1818
-3.4560 -3.4560 2.2458
-3.5520 -3.5520 2.3098
-3.6480 -3.6480 2.3738
-3.7440 -3.7440 2.4378
-3.8400 -3.8400 2.5018
-3.9360 -3.9360 2.5658
-4.0320 -4.0320 2.6298
-4.1280 -4.1280 2.6938
-4.2240 -4.2240 2.7578
-4.3200 -4.3200 2.8218
-4.4160 -4.4160 2.8858
-4.5120 -4.5120 2.9498
-4.6080 -4.6080 3.0138
-4.7040 -4.7040 3.0778
-4.8000 -4.8000 3.1418
-4.8960 -4.8960 3.2058
-4.9920 -4.9920 3.2698
-5.0880 -5.0880 3.3338
-5.1840 -5.1840 3.3978
-5.2800 -5.2800 3.4618
-5.3760 -5.3760 3.5258
-5.4720 -5.4720 3.5898
-5.5680 -5.5680 3.6538
-5.6640 -5.6640 3.7178
-5.7600 -5.7600 3.7818
-5.8560 -5.8560 3.8458
-5.9520 -5.9520 3.9098
-6.0480 -6.0480 3.9738
-6.1440 -6.1440 4.0378
-6.2400 -6.2400 4.1018
-6.3360 -6.3360 4.1658
-6.4320 -6.4320 4.2298
-6.5280 -6.5280 4.2938
-6.6240 -6.6240 4.3578
-6.7200 -6.7200 4.4218
-6.8160 -6.8160 4.4858
-6.9120 -6.9120 4.5498
-7.0080 -7.0080 4.6138
-7.1040 -7.1040 4.6778
-7.2000 -7.2000 4.7418
-7.2960 -7.2960 4.8058
-7.3920 -7.3920 4.8698
-7.4880 -7.4880 4.9338
-7.5840 -7.5840 4.9978
-7.6800 -7.6800 5.0618
-7.7760 -7.7760 5.1258
-7.8720 -7.8720 5.1898
-7.9680 -7.9680 5.2538
-8.0640 -8.0640 5.3178
-8.1600 -8.1600 5.3818
-8.2560 -8.2560 5.4458
-8.3520 -8.3520 5.5098
-8.4480 -8.4480 5.5738
-8.5440 -8.5440 5.6378
-8.6400 -8.6400 5.7018
-8.7360 -8.7360 5.7658
-8.8320 -8.8320 5.8298
-8.9280 -8.9280 5.8938
-9.0240 -9.0240 5.9578
-9.1200 -9.1200 6.0218
-9.2160 -9.2160 6.0858
-9.3120 -9.3120 6.1498
-9.4080 -9.4080 6.2138
-9.5040 -9.5040 6.2778
-9.6000 -9.6000 6.3418
-9.6960 -9.6960 6.4058
-9.7920 -9.7920 6.4698
-9.8880 -9.8880 6.5338
-9.9840 -9.9840 6.5978
-10.0800 -10.0800 6.6618
-10.1760 -10.1760 6.7258
-10.2720 -10.2720 6.7898
-10.3680 -10.3680 6.8538
-10.4640 -10.4640 6.9178
-10.5600 -10.5600 6.9818
-10.6560 -10.6560 7.0458
-10.7520 -10.7520 7.1098
-10.8480 -10.8480 7.1738
-10.9440 -10.9440 7.2378
-11.0400 -11.0400 7.3018
-11.1360 -11.1360 7.3658
-11.2320 -11.2320 7.4298
-11.3280 -11.3280 7.4938
-11.4240 -11.4240 7.5578
-11.5200 -11.5200 7.6218
-11.6160 -11.6160 7.6858
-11.7120 -11.7120 7.7498
-11.8080 -11.8080 7.8138
-11.9040 -11.9040 7.8778
-12.0000 -12.0000 7.9418
-12.0960 -12.0960 8.0058
-12.1920 -12.1920 8.0698
-12.2880 -12.2880 8.1338
-12.3840 -12.3840 8.1978
-12.4800 -12.4800 8.2618
-12.5760 -12.5760 8.3258
-12.6720 -12.6720 8.3898
-12.7680 -12.7680 8.4538
-12.8640 -12.8640 8.5178
-12.9600 -12.9600 8.5818
-13.0560 -13.0560 8.6458
-13.1520 -13.1520 8.7098
-13.2480 -13.2480 8.7738
-13.3440 -13.3440 8.8378
-13.4400 -13.4400 8.9018
-13.5360 -13.5360 8.9658
-13.6320 -13.6320 9.0298
-13.7280 -13.7280 9.0938
-13.8240 -13.8240 9.1578
-13.9200 -13.9200 9.2218
-14.0160 -14.0160 9.2858
-14.1120 -14.1120 9.3498
-14.2080 -14.2080 9.4138
-14.3040 -14.3040 9.4778
-14.4000 -14.4000 9.5418
-14.4960 -14.4960 9.6058
-14.5920 -14.5920 9.6698
-14.6880 -14.6880 9.7338
-14.7840 -14.7840 9.7978
-14.8800 -14.8800 9.8618
-14.9760 -14.9760 9.9258
-15.0720 -15.0720 9.9898
-15.1680 -15.1680 10.0538
-15.2640 -15.2640 10.1178
-15.3600 -15.3600 10.1818
-15.4560 -15.4560 10.2458
-15.5520 -15.5520 10.3098
-15.6480 -15.6480 10.3738
-15.7440 -15.7440 10.4378
-15.8400 -15.8400 10.5018
-15.9360 -15.9360 10.5658
-16.0320 -16.0320 10.6298
-16.1280 -16.1280 10.6938
-16.2240 -16.2240 10.7578
-16.3200 -16.3200 10.8218
-16.4160 -16.4160 10.8858
-16.5120 -16.5120 10.9498
-16.6080 -16.6080 11.0138
-16.7040 -16.7040 11.0778
-16.8000 -16.8000 11.1418
-16.8960 -16.8960 11.2058
-16.9920 -16.9920 11.2698
-17.0880 -17.0880 11.3338
-17.1840 -17.1840 11.3978
-17.2800 -17.2800 11.4618
-17.3760 -17.3760 11.5258
-17.4720 -17.4720 11.5898
-17.5680 -17.5680 11.6538
-17.6640 -17.6640 11.7178
-17.7600 -17.7600 11.7818
-17.8560 -17.8560 11.8458
-17.9520 -17.9520 11.9098
-18.0480 -18.0480 11.9738
-18.1440 -18.1440 12.0378
-18.2400 -18.2400 12.1018
-18.3360 -18.3360 12.1658
-18.4320 -18.4320 12.2298
-18.5280 -18.5280 12.2938
-18.6240 -18.6240 12.3578
-18.7200 -18.7200 12.4218
-18.8160 -18.8160 12.4858
-18.9120 -18.9120 12.5498
-19.0080 -19.0080 12.6138
-19.1040 -19.1040 12.6778
-19.2000 -19.2000 12.7418
-19.2960 -19.2960 12.8058
-19.3920 -19.3920 12.8698
-19.4880 -19.4880 12.9338
-19.5840 -19.5840 12.9978
-19.6800 -19.6800 13.0618
-19.7760 -19.7760 13.1258
-19.8720 -19.8720 13.1898
-19.9680 -19.9680 13.2538
-20.0640 -20.0640 13.3178
-20.1600 -20.1600 13.3818
-20.2560 -20.2560 13.4458
-20.3520 -20.3520 13.5098
-20.4480 -20.4480 13.5738
-20.5440 -20.5440 13.6378
-20.6400 -20.6400 13.7018
-20.7360 -20.7360 13.7658
-20.8320 -20.8320 13.8298
-20.9280 -20.9280 13.8938
-21.0240 -21.0240 13.9578
-21.1200 -21.1200 14.0218
-21.2160 -21.2160 14.0858
-21.3120 -21.3120 14.1498
-21.4080 -21.4080 14.2138
-21.5040 -21.5040 14.2778
-21.6000 -21.6000 14.3418
-21.6960 -21.6960 14.4058
-21.7920 -21.7920 14.4698
-21.8880 -21.8880 14.5338
-21.9840 -21.9840 14.5978
-22.0800 -22.0800 14.6618
-22.1760 -22.1760 14.7258
-22.2720 -22.2720 14.7898
-22.3680 -22.3680 14.8538
-22.4640 -22.4640 14.9178
-22.5600 -22.5600 14.9818
-22.6560 -22.6560 15.0458
-22.7520 -22.7520 15.1098
-22.8480 -22.8480 15.1738
-22.9440 -22.9440 15.2378
-23.0400 -23.0400 15.3018
-23.1360 -23.1360 15.3658
-23.2320 -23.2320 15.4298
-23.3280 -23.3280 15.4938
-23.4240 -23.4240 15.5578
-23.5200 -23.5200 15.6218
-23.6160 -23.6160 15.6858
-23.7120 -23.7120 15.7498
-23.8080 -23.8080 15.8138
-23.9040 -23.9040 15.8778
-24.0000 -24.0000 15.9418
-24.0960 -24.0960 16.0058
-24.1920 -24.1920 16.0698
-24.2880 -24.2880 16.1338
-24.3840 -24.3840 16.1978
-24.4800 -24.4800 16.2618
-24.5760 -24.5760 16.3258
-24.6720 -24.6720 16.3898
-24.7680 -24.7680 16.4538
-24.8640 -24.8640 16.5178
-24.9600 -24.9600 16.5818
-25.0560 -25.0560 16.6458
-25.1520 -25.1520 16.7098
-25.2480 -25.2480 16.7738
-25.3440 -25.3440 16.8378
-25.4400 -25.4400 16.9018
-25.5360 -25.5360 16.9658
-25.6320 -25.6320 17.0298
-25.7280 -25.7280 17.0938
-25.8240 -25.8240 17.1578
-25.9200 -25.9200 17.2218
-26.0160 -26.0160 17.2858
-26.1120 -26.1120 17.3498
-26.2080 -26.2080 17.4138
-26.3040 -26.3040 17.4778
-26.4000 -26.4000 17.5418
-26.4960 -26.4960 17.6058
-26.5920 -26.5920 17.6698
-26.6880 -26.6880 17.7338
-26.7840 -26.7840 17.7978
-26.8800 -26.8800 17.8618
-26.9760 -26.9760 17.9258
-27.0720 -27.0720 17.9898
-27.1680 -27.1680 18.0538
-27.2640 -27.2640 18.1178
-27.3600 -27.3600 18.1818
-27.4560 -27.4560 18.2458
-27.5520 -27.5520 18.3098
-27.6480 -27.6480 18.3738
-27.7440 -27.7440 18.4378
-27.8400 -27.8400 18.5018
-27.9360 -27.9360 18.5658
-28.0320 -28.0320 18.6298
-28.1280 -28.1280 18.6938
-28.2240 -28.2240 18.7578
-28.3200 -28.3200 18.8218
-28.4160 -28.4160 18.8858
-28.5120 -28.5120 18.9498
-28.6080 -28.6080 19.0138
-28.7040 -28.7040 19.0778
-28.8000 -28.8000 19.1418
-28.8960 -28.8960 19.2058
-28.9920 -28.9920 19.2698
-29.0880 -29.0880 19.3338
-29.1840 -29.1840 19.3978
-29.2800 -29.2800 19.4618
-29.3760 -29.3760 19.5258
-29.4720 -29.4720 19.5898
-29.5680 -29.5680 19.6538
-29.6640 -29.6640 19.7178
-29.7600 -29.7600 19.7818
-29.8560 -29.8560 19.8458
-29.9520 -29.9520 19.9098
-30.0480 -30.0480 19.9738
-30.1440 -30.1440 20.0378
-30.2400 -30.2400 20.1018
-30.3360 -30.3360 20.1658
-30.4320 -30.4320 20.2298
-30.5280 -30.5280 20.2938
-30.6240 -30.6240 20.3578
-30.7200 -30.7200 20.4218
-30.8160 -30.8160 20.4858
-30.9120 -30.9120 20.5498
-31.0080 -31.0080 20.6138
-31.1040 -31.1040 20.6778
-31.2000 -31.2000 20.7418
-31.2960 -31.2960 20.8058
-31.3920 -31.3920 20.8698
-31.4880 -31.4880 20.9338
-31.5840 -31.5840 20.9978
-31.6800 -31.6800 21.0618
-31.7760 -31.7760 21.1258
-31.8720 -31.8720 21.1898
-31.9680 -31.9680 21.2538
-32.0640 -32.0640 21.3178
-32.1600 -32.1600 21.3818
-32.2560 -32.2560 21.4458
-32.3520 -32.3520 21.5098
-32.4480 -32.4480 21.5738
-32.5440 -32.5440 21.6378
-32.6400 -32.6400 21.7018
-32.7360 -32.7360 21.7658
-32.8320 -32.8320 21.8298
-32.9280 -32.9280 21.8938
-33.0240 -33.0240 21.9578
-33.1200 -33.1200 22.0218
-33.2160 -33.2160 22.0858
-33.3120 -33.3120 22.1498
-33.4080 -33.4080 22.2138
