-0.0960 -0.0960 0.0006
-0.1920 -0.1920 0.0646
-0.2880 -0.2880 0.1286
-0.3840 -0.3840 0.1926
-0.4800 -0.4800 0.2566
-0.5760 -0.5760 0.3206
-0.6720 -0.6720 0.3846
-0.7680 -0.7680 0.4486
-0.8640 -0.8640 0.5126
-0.9600 -0.9600 0.5766
-1.0560 -1.0560 0.6406
-1.1520 -1.1520 0.7046
-1.2480 -1.2480 0.7686
-1.3440 -1.3440 0.8326
-1.4400 -1.4400 0.8966
-1.5360 -1.5360 0.9606
-1.6320 -1.6320 1.0246
-1.7280 -1.7280 1.0886
-1.8240 -1.8240 1.1526
-1.9200 -1.9200 1.2166
-2.0160 -2.0160 1.2806
-2.1120 -2.1120 1.3446
-2.2080 -2.2080 1.4086
-2.3040 -2.3040 1.4726
-2.4000 -2.4000 1.5366
-2.4960 -2.4960 1.6006
-2.5920 -2.5920 1.6646
-2.6880 -2.6880 1.7286
-2.7840 -2.7840 1.7926
-2.8800 -2.8800 1.8566
-2.9760 -2.9760 1.9206
-3.0720 -3.0720 1.9846
-3.1680 -3.1680 2.0486
-3.2640 -3.2640 2.1126
-3.3600 -3.3600 2.1766
-3.4560 -3.4560 2.2406
-3.5520 -3.5520 2.3046
-3.6480 -3.6480 2.3686
-3.7440 -3.7440 2.4326
-3.8400 -3.8400 2.4966
-3.9360 -3.9360 2.5606
-4.0320 -4.0320 2.6246
-4.1280 -4.1280 2.6886
-4.2240 -4.2240 2.7526
-4.3200 -4.3200 2.8166
-4.4160 -4.4160 2.8806
-4.5120 -4.5120 2.9446
-4.6080 -4.6080 3.0086
-4.7040 -4.7040 3.0726
-4.8000 -4.8000 3.1366
-4.8960 -4.8960 3.2006
-4.9920 -4.9920 3.2646
-5.0880 -5.0880 3.3286
-5.1840 -5.1840 3.3926
-5.2800 -5.2800 3.4566
-5.3760 -5.3760 3.5206
-5.4720 -5.4720 3.5846
-5.5680 -5.5680 3.6486
-5.6640 -5.6640 3.7126
-5.7600 -5.7600 3.7766
-5.8560 -5.8560 3.8406
-5.9520 -5.9520 3.9046
-6.0480 -6.0480 3.9686
-6.1440 -6.1440 4.0326
-6.2400 -6.2400 4.0966
-6.3360 -6.3360 4.1606
-6.4320 -6.4320 4.2246
-6.5280 -6.5280 4.2886
-6.6240 -6.6240 4.3526
-6.7200 -6.7200 4.4166
-6.8160 -6.8160 4.4806
-6.9120 -6.9120 4.5446
-7.0080 -7.0080 4.6086
-7.1040 -7.1040 4.6726
-7.2000 -7.2000 4.7366
-7.2960 -7.2960 4.8006
-7.3920 -7.3920 4.8646
-7.4880 -7.4880 4.9286
-7.5840 -7.5840 4.9926
-7.6800 -7.6800 5.0566
-7.7760 -7.7760 5.1206
-7.8720 -7.8720 5.1846
-7.9680 -7.9680 5.2486
-8.0640 -8.0640 5.3126
-8.1600 -8.1600 5.3766
-8.2560 -8.2560 5.4406
-8.3520 -8.3520 5.5046
-8.4480 -8.4480 5.5686
-8.5440 -8.5440 5.6326
-8.6400 -8.6400 5.6966
-8.7360 -8.7360 5.7606
-8.8320 -8.8320 5.8246
-8.9280 -8.9280 5.8886
-9.0240 -9.0240 5.9526
-9.1200 -9.1200 6.0166
-9.2160 -9.2160 6.0806
-9.3120 -9.3120 6.1446
-9.4080 -9.4080 6.2086
-9.5040 -9.5040 6.2726
-9.6000 -9.6000 6.3366
-9.6960 -9.6960 6.4006
-9.7920 -9.7920 6.4646
-9.8880 -9.8880 6.5286
-9.9840 -9.9840 6.5926
-10.0800 -10.0800 6.6566
-10.1760 -10.1760 6.7206
-10.2720 -10.2720 6.7846
-10.3680 -10.3680 6.8486
-10.4640 -10.4640 6.9126
-10.5600 -10.5600 6.9766
-10.6560 -10.6560 7.0406
-10.7520 -10.7520 7.1046
-10.8480 -10.8480 7.1686
-10.9440 -10.9440 7.2326
-11.0400 -11.0400 7.2966
-11.1360 -11.1360 7.3606
-11.2320 -11.2320 7.4246
-11.3280 -11.3280 7.4886
-11.4240 -11.4240 7.5526
-11.5200 -11.5200 7.6166
-11.6160 -11.6160 7.6806
-11.7120 -11.7120 7.7446
-11.8080 -11.8080 7.8086
-11.9040 -11.9040 7.8726
-12.0000 -12.0000 7.9366
-12.0960 -12.0960 8.0006
-12.1920 -12.1920 8.0646
-12.2880 -12.2880 8.1286
-12.3840 -12.3840 8.1926
-12.4800 -12.4800 8.2566
-12.5760 -12.5760 8.3206
-12.6720 -12.6720 8.3846
-12.7680 -12.7680 8.4486
-12.8640 -12.8640 8.5126
-12.9600 -12.9600 8.5766
-13.0560 -13.0560 8.6406
-13.1520 -13.1520 8.7046
-13.2480 -13.2480 8.7686
-13.3440 -13.3440 8.8326
-13.4400 -13.4400 8.8966
-13.5360 -13.5360 8.9606
-13.6320 -13.6320 9.0246
-13.7280 -13.7280 9.0886
-13.8240 -13.8240 9.1526
-13.9200 -13.9200 9.2166
-14.0160 -14.0160 9.2806
-14.1120 -14.1120 9.3446
-14.2080 -14.2080 9.4086
-14.3040 -14.3040 9.4726
-14.4000 -14.4000 9.5366
-14.4960 -14.4960 9.6006
-14.5920 -14.5920 9.6646
-14.6880 -14.6880 9.7286
-14.7840 -14.7840 9.7926
-14.8800 -14.8800 9.8566
-14.9760 -14.9760 9.9206
-15.0720 -15.0720 9.9846
-15.1680 -15.1680 10.0486
-15.2640 -15.2640 10.1126
-15.3600 -15.3600 10.1766
-15.4560 -15.4560 10.2406
-15.5520 -15.5520 10.3046
-15.6480 -15.6480 10.3686
-15.7440 -15.7440 10.4326
-15.8400 -15.8400 10.4966
-15.9360 -15.9360 10.5606
-16.0320 -16.0320 10.6246
-16.1280 -16.1280 10.6886
-16.2240 -16.2240 10.7526
-16.3200 -16.3200 10.8166
-16.4160 -16.4160 10.8806
-16.5120 -16.5120 10.9446
-16.6080 -16.6080 11.0086
-16.7040 -16.7040 11.0726
-16.8000 -16.8000 11.1366
-16.8960 -16.8960 11.2006
-16.9920 -16.9920 11.2646
-17.0880 -17.0880 11.3286
-17.1840 -17.1840 11.3926
-17.2800 -17.2800 11.4566
-17.3760 -17.3760 11.5206
-17.4720 -17.4720 11.5846
-17.5680 -17.5680 11.6486
-17.6640 -17.6640 11.7126
-17.7600 -17.7600 11.7766
-17.8560 -17.8560 11.8406
-17.9520 -17.9520 11.9046
-18.0480 -18.0480 11.9686
-18.1440 -18.1440 12.0326
-18.2400 -18.2400 12.0966
-18.3360 -18.3360 12.1606
-18.4320 -18.4320 12.2246
-18.5280 -18.5280 12.2886
-18.6240 -18.6240 12.3526
-18.7200 -18.7200 12.4166
-18.8160 -18.8160 12.4806
-18.9120 -18.9120 12.5446
-19.0080 -19.0080 12.6086
-19.1040 -19.1040 12.6726
-19.2000 -19.2000 12.7366
-19.2960 -19.2960 12.8006
-19.3920 -19.3920 12.8646
-19.4880 -19.4880 12.9286
-19.5840 -19.5840 12.9926
-19.6800 -19.6800 13.0566
-19.7760 -19.7760 13.1206
-19.8720 -19.8720 13.1846
-19.9680 -19.9680 13.2486
-20.0640 -20.0640 13.3126
-20.1600 -20.1600 13.3766
-20.2560 -20.2560 13.4406
-20.3520 -20.3520 13.5046
-20.4480 -20.4480 13.5686
-20.5440 -20.5440 13.6326
-20.6400 -20.6400 13.6966
-20.7360 -20.7360 13.7606
-20.8320 -20.8320 13.8246
-20.9280 -20.9280 13.8886
-21.0240 -21.0240 13.9526
-21.1200 -21.1200 14.0166
-21.2160 -21.2160 14.0806
-21.3120 -21.3120 14.1446
-21.4080 -21.4080 14.2086
-21.5040 -21.5040 14.2726
-21.6000 -21.6000 14.3366
-21.6960 -21.6960 14.4006
-21.7920 -21.7920 14.4646
-21.8880 -21.8880 14.5286
-21.9840 -21.9840 14.5926
-22.0800 -22.0800 14.6566
-22.1760 -22.1760 14.7206
-22.2720 -22.2720 14.7846
-22.3680 -22.3680 14.8486
-22.4640 -22.4640 14.9126
-22.5600 -22.5600 14.9766
-22.6560 -22.6560 15.0406
-22.7520 -22.7520 15.1046
-22.8480 -22.8480 15.1686
-22.9440 -22.9440 15.2326
-23.0400 -23.0400 15.2966
-23.1360 -23.1360 15.3606
-23.2320 -23.2320 15.4246
-23.3280 -23.3280 15.4886
-23.4240 -23.4240 15.5526
-23.5200 -23.5200 15.6166
-23.6160 -23.6160 15.6806
-23.7120 -23.7120 15.7446
-23.8080 -23.8080 15.8086
-23.9040 -23.9040 15.8726
-24.0000 -24.0000 15.9366
-24.0960 -24.0960 16.0006
-24.1920 -24.1920 16.0646
-24.2880 -24.2880 16.1286
-24.3840 -24.3840 16.1926
-24.4800 -24.4800 16.2566
-24.5760 -24.5760 16.3206
-24.6720 -24.6720 16.3846
-24.7680 -24.7680 16.4486
-24.8640 -24.8640 16.5126
-24.9600 -24.9600 16.5766
-25.0560 -25.0560 16.6406
-25.1520 -25.1520 16.7046
-25.2480 -25.2480 16.7686
-25.3440 -25.3440 16.8326
-25.4400 -25.4400 16.8966
-25.5360 -25.5360 16.9606
-25.6320 -25.6320 17.0246
-25.7280 -25.7280 17.0886
-25.8240 -25.8240 17.1526
-25.9200 -25.9200 17.2166
-26.0160 -26.0160 17.2806
-26.1120 -26.1120 17.3446
-26.2080 -26.2080 17.4086
-26.3040 -26.3040 17.4726
-26.4000 -26.4000 17.5366
-26.4960 -26.4960 17.6006
-26.5920 -26.5920 17.6646
-26.6880 -26.6880 17.7286
-26.7840 -26.7840 17.7926
-26.8800 -26.8800 17.8566
-26.9760 -26.9760 17.9206
-27.0720 -27.0720 17.9846
-27.1680 -27.1680 18.0486
-27.2640 -27.2640 18.1126
-27.3600 -27.3600 18.1766
-27.4560 -27.4560 18.2406
-27.5520 -27.5520 18.3046
-27.6480 -27.6480 18.3686
-27.7440 -27.7440 18.4326
-27.8400 -27.8400 18.4966
-27.9360 -27.9360 18.5606
-28.0320 -28.0320 18.6246
-28.1280 -28.1280 18.6886
-28.2240 -28.2240 18.7526
-28.3200 -28.3200 18.8166
-28.4160 -28.4160 18.8806
-28.5120 -28.5120 18.9446
-28.6080 -28.6080 19.0086
-28.7040 -28.7040 19.0726
-28.8000 -28.8000 19.1366
-28.8960 -28.8960 19.2006
-28.9920 -28.9920 19.2646
-29.0880 -29.0880 19.3286
-29.1840 -29.1840 19.3926
-29.2800 -29.2800 19.4566
-29.3760 -29.3760 19.5206
-29.4720 -29.4720 19.5846
-29.5680 -29.5680 19.6486
-29.6640 -29.6640 19.7126
-29.7600 -29.7600 19.7766
-29.8560 -29.8560 19.8406
-29.9520 -29.9520 19.9046
-30.0480 -30.0480 19.9686
-30.1440 -30.1440 20.0326
-30.2400 -30.2400 20.0966
-30.3360 -30.3360 20.1606
-30.4320 -30.4320 20.2246
-30.5280 -30.5280 20.2886
-30.6240 -30.6240 20.3526
-30.7200 -30.7200 20.4166
-30.8160 -30.8160 20.4806
-30.9120 -30.9120 20.5446
-31.0080 -31.0080 20.6086
-31.1040 -31.1040 20.6726
-31.2000 -31.2000 20.7366
-31.2960 -31.2960 20.8006
-31.3920 -31.3920 20.8646
-31.4880 -31.4880 20.9286
-31.5840 -31.5840 20.9926
-31.6800 -31.6800 21.0566
-31.7760 -31.7760 21.1206
-31.8720 -31.8720 21.1846
-31.9680 -31.9680 21.2486
-32.0640 -32.0640 21.3126
-32.1600 -32.1600 21.3766
-32.2560 -32.2560 21.4406
-32.3520 -32.3520 21.5046
-32.4480 -32.4480 21.5686
-32.5440 -32.5440 21.6326
-32.6400 -32.6400 21.6966
-32.7360 -32.7360 21.7606
-32.8320 -32.8320 21.8246
-32.9280 -32.9280 21.8886
-33.0240 -33.0240 21.9526
-33.1200 -33.1200 22.0166
-33.2160 -33.2160 22.0806
-33.3120 -33.3120 22.1446
-33.4080 -33.4080 22.2086
-33.5040 -33.5040 22.2726
-33.6000 -33.6000 22.3366
-33.6960 -33.6960 22.4006
-33.7920 -33.7920 22.4646
-33.8880 -33.8880 22.5286
-33.9840 -33.9840 22.5926
-34.0800 -34.0800 22.6566
-34.1760 -34.1760 22.7206
-34.2720 -34.2720 22.7846
-34.3680 -34.3680 22.8486
-34.4640 -34.4640 22.9126
-34.5600 -34.5600 22.9766
-34.6560 -34.6560 23.0406
-34.7520 -34.7520 23.1046
-34.8480 -34.8480 23.1686
-34.9440 -34.9440 23.2326
-35.0400 -35.0400 23.2966
-35.1360 -35.1360 23.3606
-35.2320 -35.2320 23.4246
-35.3280 -35.3280 23.4886
-35.4240 -35.4240 23.5526
-35.5200 -35.5200 23.6166
-35.6160 -35.6160 23.6806
-35.7120 -35.7120 23.7446
-35.8080 -35.8080 23.8086
-35.9040 -35.9040 23.8726
-36.0000 -36.0000 23.9366
-36.0960 -36.0960 24.0006
-36.1920 -36.1920 24.0646
-36.2880 -36.2880 24.1286
-36.3840 -36.3840 24.1926
-36.4800 -36.4800 24.2566
-36.5760 -36.5760 24.3206
-36.6720 -36.6720 24.3846
-36.7680 -36.7680 24.4486
-36.8640 -36.8640 24.5126
-36.9600 -36.9600 24.5766
-37.0560 -37.0560 24.6406
-37.1520 -37.1520 24.7046
-37.2480 -37.2480 24.7686
-37.3440 -37.3440 24.8326
-37.4400 -37.4400 24.8966
-37.5360 -37.5360 24.9606
-37.6320 -37.6320 25.0246
-37.7280 -37.7280 25.0886
-37.8240 -37.8240 25.1526
-37.9200 -37.9200 25.2166
-38.0160 -38.0160 25.2806
-38.1120 -38.1120 25.3446
-38.2080 -38.2080 25.4086
-38.3040 -38.3040 25.4726
-38.4000 -38.4000 25.5366
-38.4960 -38.4960 25.6006
-38.5920 -38.5920 25.6646
-38.6880 -38.6880 25.7286
-38.7840 -38.7840 25.7926
-38.8800 -38.8800 25.8566
-38.9760 -38.9760 25.9206
-39.0720 -39.0720 25.9846
-39.1680 -39.1680 26.0486
-39.2640 -39.2640 26.1126
-39.3600 -39.3600 26.1766
-39.4560 -39.4560 26.2406
-39.5520 -39.5520 26.3046
-39.6480 -39.6480 26.3686
-39.7440 -39.7440 26.4326
-39.8400 -39.8400 26.4966
-39.9360 -39.9360 26.5606
-40.0320 -40.0320 26.6246
-40.1280 -40.1280 26.6886
-40.2240 -40.2240 26.7526
-40.3200 -40.3200 26.8166
-40.4160 -40.4160 26.8806
-40.5120 -40.5120 26.9446
-40.6080 -40.6080 27.0086
-40.7040 -40.7040 27.0726
-40.8000 -40.8000 27.1366
-40.8960 -40.8960 27.2006
-40.9920 -40.9920 27.2646
-41.0880 -41.0880 27.3286
-41.1840 -41.1840 27.3926
-41.2800 -41.2800 27.4566
-41.3760 -41.3760 27.5206
-41.4720 -41.4720 27.5846
-41.5680 -41.5680 27.6486
-41.6640 -41.6640 27.7126
-41.7600 -41.7600 27.7766
-41.8560 -41.8560 27.8406
-41.9520 -41.9520 27.9046
-42.0480 -42.0480 27.9686
-42.1440 -42.1440 28.0326
-42.2400 -42.2400 28.0966
-42.3360 -42.3360 28.1606
-42.4320 -42.4320 28.2246
-42.5280 -42.5280 28.2886
-42.6240 -42.6240 28.3526
-42.7200 -42.7200 28.4166
-42.8160 -42.8160 28.4806
-42.9120 -42.9120 28.5446
-43.0080 -43.0080 28.6086
-43.1040 -43.1040 28.6726
-43.2000 -43.2000 28.7366
-43.2960 -43.2960 28.8006
-43.3920 -43.3920 28.8646
-43.4880 -43.4880 28.9286
-43.5840 -43.5840 28.9926
-43.6800 -43.6800 29.0566
-43.7760 -43.7760 29.1206
-43.8720 -43.8720 29.1846
-43.9680 -43.9680 29.2486
-44.0640 -44.0640 29.3126
-44.1600 -44.1600 29.3766
-44.2560 -44.2560 29.4406
-44.3520 -44.3520 29.5046
-44.4480 -44.4480 29.5686
-44.5440 -44.5440 29.6326
-44.6400 -44.6400 29.6966
-44.7360 -44.7360 29.7606
-44.8320 -44.8320 29.8246
-44.9280 -44.9280 29.8886
-45.0240 -45.0240 29.9526
-45.1200 -45.1200 30.0166
-45.2160 -45.2160 30.0806
-45.3120 -45.3120 30.1446
-45.4080 -45.4080 30.2086
-45.5040 -45.5040 30.2726
-45.6000 -45.6000 30.3366
-45.6960 -45.6960 30.4006
-45.7920 -45.7920 30.4646
-45.8880 -45.8880 30.5286
-45.9840 -45.9840 30.5926
-46.0800 -46.0800 30.6566
-46.1760 -46.1760 30.7206
-46.2720 -46.2720 30.7846
-46.3680 -46.3680 30.8486
-46.4640 -46.4640 30.9126
-46.5600 -46.5600 30.9766
-46.6560 -46.6560 31.0406
-46.7520 -46.7520 31.1046
-46.8480 -46.8480 31.1686
-46.9440 -46.9440 31.2326
-47.0400 -47.0400 31.2966
-47.1360 -47.1360 31.3606
-47.2320 -47.2320 31.4246
-47.3280 -47.3280 31.4886
-47.4240 -47.4240 31.5526
-47.5200 -47.5200 31.6166
-47.6160 -47.6160 31.6806
-47.7120 -47.7120 31.7446
-47.8080 -47.8080 31.8086
-47.9040 -47.9040 31.8726
-48.0000 -48.0000 31.9366
-48.0960 -48.0960 32.0006
-48.1920 -48.1920 32.0646
-48.2880 -48.2880 32.1286
-48.3840 -48.3840 32.1926
-48.4800 -48.4800 32.2566
-48.5760 -48.5760 32.3206
-48.6720 -48.6720 32.3846
-48.7680 -48.7680 32.4486
-48.8640 -48.8640 32.5126
-48.9600 -48.9600 32.5766
-49.0560 -49.0560 32.6406
-49.1520 -49.1520 32.7046
-49.2480 -49.2480 32.7686
-49.3440 -49.3440 32.8326
-49.4400 -49.4400 32.8966
-49.5360 -49.5360 32.9606
-49.6320 -49.6320 33.0246
-49.7280 -49.7280 33.0886
-49.8240 -49.8240 33.1526
-49.9200 -49.9200 33.2166
-50.0160 -50.0160 33.2806
-50.1120 -50.1120 33.3446
-50.2080 -50.2080 33.4086
-50.3040 -50.3040 33.4726
-50.4000 -50.4000 33.5366
-50.4960 -50.4960 33.6006
-50.5920 -50.5920 33.6646
-50.6880 -50.6880 33.7286
-50.7840 -50.7840 33.7926
-50.8800 -50.8800 33.8566
-50.9760 -50.9760 33.9206
-51.0720 -51.0720 33.9846
-51.1680 -51.1680 34.0486
-51.2640 -51.2640 34.1126
-51.3600 -51.3600 34.1766
-51.4560 -51.4560 34.2406
-51.5520 -51.5520 34.3046
-51.6480 -51.6480 34.3686
-51.7440 -51.7440 34.4326
-51.8400 -51.8400 34.4966
-51.9360 -51.9360 34.5606
-52.0320 -52.0320 34.6246
-52.1280 -52.1280 34.6886
-52.2240 -52.2240 34.7526
-52.3200 -52.3200 34.8166
-52.4160 -52.4160 34.8806
-52.5120 -52.5120 34.9446
-52.6080 -52.6080 35.0086
-52.7040 -52.7040 35.0726
-52.8000 -52.8000 35.1366
-52.8960 -52.8960 35.2006
-52.9920 -52.9920 35.2646
-53.0880 -53.0880 35.3286
-53.1840 -53.1840 35.3926
-53.2800 -53.2800 35.4566
-53.3760 -53.3760 35.5206
-53.4720 -53.4720 35.5846
-53.5680 -53.5680 35.6486
-53.6640 -53.6640 35.7126
-53.7600 -53.7600 35.7766
-53.8560 -53.8560 35.8406
-53.9520 -53.9520 35.9046
-54.0480 -54.0480 35.9686
-54.1440 -54.1440 36.0326
-54.2400 -54.2400 36.0966
-54.3360 -54.3360 36.1606
-54.4320 -54.4320 36.2246
-54.5280 -54.5280 36.2886
-54.6240 -54.6240 36.3526
-54.7200 -54.7200 36.4166
-54.8160 -54.8160 36.4806
-54.9120 -54.9120 36.5446
-55.0080 -55.0080 36.6086
-55.1040 -55.1040 36.6726
-55.2000 -55.2000 36.7366
-55.2960 -55.2960 36.8006
-55.3920 -55.3920 36.8646
-55.4880 -55.4880 36.9286
-55.5840 -55.5840 36.9926
-55.6800 -55.6800 37.0566
-55.7760 -55.7760 37.1206
-55.8720 -55.8720 37.1846
-55.9680 -55.9680 37.2486
-56.0640 -56.0640 37.3126
-56.1600 -56.1600 37.3766
-56.2560 -56.2560 37.4406
-56.3520 -56.3520 37.5046
-56.4480 -56.4480 37.5686
-56.5440 -56.5440 37.6326
-56.6400 -56.6400 37.6966
-56.7360 -56.7360 37.7606
-56.8320 -56.8320 37.8246
-56.9280 -56.9280 37.8886
-57.0240 -57.0240 37.9526
-57.1200 -57.1200 38.0166
-57.2160 -57.2160 38.0806
-57.3120 -57.3120 38.1446
-57.4080 -57.4080 38.2086
-57.5040 -57.5040 38.2726
-57.6000 -57.6000 38.3366
-57.6960 -57.6960 38.4006
-57.7920 -57.7920 38.4646
-57.8880 -57.8880 38.5286
-57.9840 -57.9840 38.5926
-58.0800 -58.0800 38.6566
-58.1760 -58.1760 38.7206
-58.2720 -58.2720 38.7846
-58.3680 -58.3680 38.8486
-58.4640 -58.4640 38.9126
-58.5600 -58.5600 38.9766
-58.6560 -58.6560 39.0406
-58.7520 -58.7520 39.1046
-58.8480 -58.8480 39.1686
-58.9440 -58.9440 39.2326
-59.0400 -59.0400 39.2966
-59.1360 -59.1360 39.3606
-59.2320 -59.2320 39.4246
-59.3280 -59.3280 39.4886
-59.4240 -59.4240 39.5526
-59.5200 -59.5200 39.6166
-59.6160 -59.6160 39.6806
-59.7120 -59.7120 39.7446
-59.8080 -59.8080 39.8086
-59.9040 -59.9040 39.8726
-60.0000 -60.0000 39.9366
-60.0960 -60.0960 40.0006
-60.1920 -60.1920 40.0646
-60.2880 -60.2880 40.1286
-60.3840 -60.3840 40.1926
-60.4800 -60.4800 40.2566
-60.5760 -60.5760 40.3206
-60.6720 -60.6720 40.3846
-60.7680 -60.7680 40.4486
-60.8640 -60.8640 40.5126
-60.9600 -60.9600 40.5766
-61.0560 -61.0560 40.6406
-61.1520 -61.1520 40.7046
-61.2480 -61.2480 40.7686
-61.3440 -61.3440 40.8326
-61.4400 -61.4400 40.8966
-61.5360 -61.5360 40.9606
-61.6320 -61.6320 41.0246
-61.7280 -61.7280 41.0886
-61.8240 -61.8240 41.1526
-61.9200 -61.9200 41.2166
-62.0160 -62.0160 41.2806
-62.1120 -62.1120 41.3446
-62.2080 -62.2080 41.4086
-62.3040 -62.3040 41.4726
-62.4000 -62.4000 41.5366
-62.4960 -62.4960 41.6006
-62.5920 -62.5920 41.6646
-62.6880 -62.6880 41.7286
-62.7840 -62.7840 41.7926
-62.8800 -62.8800 41.8566
-62.9760 -62.9760 41.9206
-63.0720 -63.0720 41.9846
-63.1680 -63.1680 42.0486
-63.2640 -63.2640 42.1126
-63.3600 -63.3600 42.1766
-63.4560 -63.4560 42.2406
-63.5520 -63.5520 42.3046
-63.6480 -63.6480 42.3686
-63.7440 -63.7440 42.4326
-63.8400 -63.8400 42.4966
-63.9360 -63.9360 42.5606
-64.0320 -64.0320 42.6246
-64.1280 -64.1280 42.6886
-64.2240 -64.2240 42.7526
-64.3200 -64.3200 42.8166
-64.4160 -64.4160 42.8806
-64.5120 -64.5120 42.9446
-64.6080 -64.6080 43.0086
-64.7040 -64.7040 43.0726
-64.8000 -64.8000 43.1366
-64.8960 -64.8960 43.2006
-64.9920 -64.9920 43.2646
-65.0880 -65.0880 43.3286
-65.1840 -65.1840 43.3926
-65.2800 -65.2800 43.4566
-65.3760 -65.3760 43.5206
-65.4720 -65.4720 43.5846
-65.5680 -65.5680 43.6486
-65.6640 -65.6640 43.7126
-65.7600 -65.7600 43.7766
-65.8560 -65.8560 43.8406
-65.9520 -65.9520 43.9046
-66.0480 -66.0480 43.9686
-66.1440 -66.1440 44.0326
-66.2400 -66.2400 44.0966
-66.3360 -66.3360 44.1606
-66.4320 -66.4320 44.2246
-66.5280 -66.5280 44.2886
-66.6240 -66.6240 44.3526
-66.7200 -66.7200 44.4166
-66.8160 -66.8160 44.4806
-66.9120 -66.9120 44.5446
-67.0080 -67.0080 44.6086
-67.1040 -67.1040 44.6726
-67.2000 -67.2000 44.7366
-67.2960 -67.2960 44.8006
-67.3920 -67.3920 44.8646
-67.4880 -67.4880 44.9286
-67.5840 -67.5840 44.9926
-67.6800 -67.6800 45.0566
-67.7760 -67.7760 45.1206
-67.8720 -67.8720 45.1846
-67.9680 -67.9680 45.2486
-68.0640 -68.0640 45.3126
-68.1600 -68.1600 45.3766
-68.2560 -68.2560 45.4406
-68.3520 -68.3520 45.5046
-68.4480 -68.4480 45.5686
-68.5440 -68.5440 45.6326
-68.6400 -68.6400 45.6966
-68.7360 -68.7360 45.7606
-68.8320 -68.8320 45.8246
-68.9280 -68.9280 45.8886
-69.0240 -69.0240 45.9526
-69.1200 -69.1200 46.0166
-69.2160 -69.2160 46.0806
-69.3120 -69.3120 46.1446
-69.4080 -69.4080 46.2086
-69.5040 -69.5040 46.2726
-69.6000 -69.6000 46.3366
-69.6960 -69.6960 46.4006
-69.7920 -69.7920 46.4646
-69.8880 -69.8880 46.5286
-69.9840 -69.9840 46.5926
-70.0800 -70.0800 46.6566
-70.1760 -70.1760 46.7206
-70.2720 -70.2720 46.7846
-70.3680 -70.3680 46.8486
-70.4640 -70.4640 46.9126
-70.5600 -70.5600 46.9766
-70.6560 -70.6560 47.0406
-70.7520 -70.7520 47.1046
-70.8480 -70.8480 47.1686
-70.9440 -70.9440 47.2326
-71.0400 -71.0400 47.2966
-71.1360 -71.1360 47.3606
-71.2320 -71.2320 47.4246
-71.3280 -71.3280 47.4886
-71.4240 -71.4240 47.5526
-71.5200 -71.5200 47.6166
-71.6160 -71.6160 47.6806
-71.7120 -71.7120 47.7446
-71.8080 -71.8080 47.8086
-71.9040 -71.9040 47.8726
-72.0000 -72.0000 47.9366
-72.0960 -72.0960 48.0006
-72.1920 -72.1920 48.0646
-72.2880 -72.2880 48.1286
-72.3840 -72.3840 48.1926
-72.4800 -72.4800 48.2566
-72.5760 -72.5760 48.3206
-72.6720 -72.6720 48.3846
-72.7680 -72.7680 48.4486
-72.8640 -72.8640 48.5126
-72.9600 -72.9600 48.5766
