-0.0000 0.0021 0.0000 0.0058
-0.0000 0.0009 0.0000 0.0698
-0.0000 0.0003 0.0000 0.1338
-0.0000 0.0001 0.0000 0.1978
-0.0000 0.0001 0.0000 0.2618
-0.0000 0.0000 0.0000 0.3258
-0.0000 0.0000 0.0000 0.3898
-0.0000 0.0000 0.0000 0.4538
-0.0000 0.0000 0.0000 0.5178
-0.0000 0.0000 0.0000 0.5818
-0.0000 0.0000 0.0000 0.6458
-0.0000 0.0000 0.0000 0.7098
-0.0000 0.0000 0.0000 0.7738
-0.0000 0.0000 0.0000 0.8378
-0.0000 0.0000 0.0000 0.9018
-0.0000 0.0000 0.0000 0.9658
0.0000 0.0000 0.0000 1.0298
0.0000 0.0000 0.0000 1.0938
0.0000 0.0000 0.0000 1.1578
0.0000 0.0000 0.0000 1.2218
0.0000 0.0000 0.0000 1.2858
0.0000 0.0000 0.0000 1.3498
0.0000 0.0000 0.0000 1.4138
0.0000 0.0000 0.0000 1.4778
0.0000 0.0000 0.0000 1.5418
0.0000 0.0000 0.0000 1.6058
0.0000 0.0000 0.0000 1.6698
0.0000 0.0000 0.0000 1.7338
0.0000 0.0000 0.0000 1.7978
0.0000 0.0000 -0.0000 1.8618
0.0000 0.0000 -0.0000 1.9258
0.0000 0.0000 -0.0000 1.9898
0.0000 0.0000 -0.0000 2.0538
0.0000 0.0000 -0.0000 2.1178
0.0000 0.0000 -0.0000 2.1818
0.0000 0.0000 -0.0000 2.2458
0.0000 0.0000 -0.0000 2.3098
0.0000 0.0000 -0.0000 2.3738
0.0000 0.0000 -0.0000 2.4378
0.0000 0.0000 -0.0000 2.5018
0.0000 0.0000 -0.0000 2.5658
0.0000 0.0000 -0.0000 2.6298
0.0000 0.0000 -0.0000 2.6938
0.0000 0.0000 -0.0000 2.7578
0.0000 0.0000 -0.0000 2.8218
0.0000 0.0000 -0.0000 2.8858
0.0000 0.0000 -0.0000 2.9498
0.0000 0.0000 -0.0000 3.0138
-0.0000 0.0000 -0.0000 3.0778
-0.0000 0.0000 -0.0000 3.1418
-0.0000 0.0000 -0.0000 3.2058
-0.0000 0.0000 -0.0000 3.2698
-0.0000 0.0000 -0.0000 3.3338
-0.0000 0.0000 -0.0000 3.3978
-0.0000 0.0000 -0.0000 3.4618
-0.0000 0.0000 -0.0000 3.5258
-0.0000 0.0000 -0.0000 3.5898
-0.0000 0.0000 -0.0000 3.6538
-0.0000 0.0000 -0.0000 3.7178
-0.0000 0.0000 -0.0000 3.7818
-0.0000 0.0000 -0.0000 3.8458
-0.0000 0.0000 -0.0000 3.9098
-0.0000 0.0000 -0.0000 3.9738
-0.0000 0.0000 0.0000 4.0378
-0.0000 0.0000 0.0000 4.1018
-0.0000 0.0000 0.0000 4.1658
-0.0000 0.0000 0.0000 4.2298
-0.0000 0.0000 0.0000 4.2938
-0.0000 0.0000 0.0000 4.3578
-0.0000 0.0000 0.0000 4.4218
-0.0000 0.0000 0.0000 4.4858
-0.0000 0.0000 0.0000 4.5498
-0.0000 0.0000 0.0000 4.6138
-0.0000 0.0000 0.0000 4.6778
-0.0000 0.0000 0.0000 4.7418
-0.0000 0.0000 0.0000 4.8058
-0.0000 0.0000 0.0000 4.8698
-0.0000 0.0000 0.0000 4.9338
-0.0000 0.0000 0.0000 4.9978
-0.0000 0.0000 0.0000 5.0618
-0.0000 0.0000 0.0000 5.1258
0.0000 0.0000 0.0000 5.1898
0.0000 0.0000 0.0000 5.2538
0.0000 0.0000 0.0000 5.3178
0.0000 0.0000 0.0000 5.3818
0.0000 0.0000 0.0000 5.4458
0.0000 0.0000 0.0000 5.5098
0.0000 0.0000 0.0000 5.5738
0.0000 0.0000 0.0000 5.6378
0.0000 0.0000 0.0000 5.7018
0.0000 0.0000 0.0000 5.7658
0.0000 0.0000 0.0000 5.8298
0.0000 0.0000 0.0000 5.8938
0.0000 0.0000 0.0000 5.9578
0.0000 0.0000 0.0000 6.0218
0.0000 0.0000 -0.0000 6.0858
0.0000 0.0000 -0.0000 6.1498
0.0000 0.0000 -0.0000 6.2138
0.0000 0.0000 -0.0000 6.2778
0.0000 0.0000 -0.0000 6.3418
0.0000 0.0000 -0.0000 6.4058
0.0000 0.0000 -0.0000 6.4698
0.0000 0.0000 -0.0000 6.5338
0.0000 0.0000 -0.0000 6.5978
0.0000 0.0000 -0.0000 6.6618
0.0000 0.0000 -0.0000 6.7258
0.0000 0.0000 -0.0000 6.7898
0.0000 0.0000 -0.0000 6.8538
0.0000 0.0000 -0.0000 6.9178
0.0000 0.0000 -0.0000 6.9818
0.0000 0.0000 -0.0000 7.0458
0.0000 0.0000 -0.0000 7.1098
0.0000 0.0000 -0.0000 7.1738
0.0000 0.0000 -0.0000 7.2378
-0.0000 0.0000 -0.0000 7.3018
-0.0000 0.0000 -0.0000 7.3658
-0.0000 0.0000 -0.0000 7.4298
-0.0000 0.0000 -0.0000 7.4938
-0.0000 0.0000 -0.0000 7.5578
-0.0000 0.0000 -0.0000 7.6218
-0.0000 0.0000 -0.0000 7.6858
-0.0000 0.0000 -0.0000 7.7498
-0.0000 0.0000 -0.0000 7.8138
-0.0000 0.0000 -0.0000 7.8778
-0.0000 0.0000 -0.0000 7.9418
-0.0000 0.0000 -0.0000 8.0058
-0.0000 0.0000 -0.0000 8.0698
-0.0000 0.0000 -0.0000 8.1338
-0.0000 0.0000 -0.0000 8.1978
-0.0000 0.0000 0.0000 8.2618
-0.0000 0.0000 0.0000 8.3258
-0.0000 0.0000 0.0000 8.3898
-0.0000 0.0000 0.0000 8.4538
-0.0000 0.0000 0.0000 8.5178
-0.0000 0.0000 0.0000 8.5818
-0.0000 0.0000 0.0000 8.6458
-0.0000 0.0000 0.0000 8.7098
-0.0000 0.0000 0.0000 8.7738
-0.0000 0.0000 0.0000 8.8378
-0.0000 0.0000 0.0000 8.9018
-0.0000 0.0000 0.0000 8.9658
-0.0000 -0.0009 0.0000 9.0298
-0.0000 -0.0042 0.0000 9.0938
-0.0000 -0.0102 0.0000 9.1578
-0.0000 -0.0199 0.0000 9.2218
-0.0000 -0.0343 0.0000 9.2858
0.0000 -0.0550 0.0000 9.3498
0.0000 -0.0850 0.0000 9.4138
0.0000 -0.1334 0.0000 9.4778
0.0000 -0.2447 0.0000 9.5418
0.0000 -0.2480 0.0000 9.6058
0.0000 -0.2503 0.0000 9.6698
0.0000 -0.2512 0.0000 9.7338
0.0000 -0.2517 0.0000 9.7978
0.0000 -0.2520 0.0000 9.8618
0.0000 -0.2524 0.0000 9.9258
0.0000 -0.2528 0.0000 9.9898
0.0000 -0.2531 0.0000 10.0538
0.0000 -0.2534 0.0000 10.1178
0.0000 -0.2537 0.0000 10.1818
0.0000 -0.2539 0.0000 10.2458
0.0000 -0.2541 -0.0000 10.3098
0.0000 -0.2544 -0.0000 10.3738
0.0000 -0.2546 -0.0000 10.4378
0.0000 -0.2547 -0.0000 10.5018
0.0000 -0.2549 -0.0000 10.5658
0.0000 -0.2551 -0.0000 10.6298
0.0000 -0.2552 -0.0000 10.6938
0.0000 -0.2553 -0.0000 10.7578
0.0000 -0.2555 -0.0000 10.8218
0.0000 -0.2556 -0.0000 10.8858
0.0000 -0.2557 -0.0000 10.9498
0.0000 -0.2558 -0.0000 11.0138
0.0000 -0.2559 -0.0000 11.0778
0.0000 -0.2559 -0.0000 11.1418
0.0000 -0.2560 -0.0000 11.2058
0.0000 -0.2561 -0.0000 11.2698
0.0000 -0.2562 -0.0000 11.3338
0.0000 -0.2562 -0.0000 11.3978
-0.0000 -0.2563 -0.0000 11.4618
-0.0000 -0.2560 -0.0000 11.5258
-0.0000 -0.2542 -0.0000 11.5898
-0.0000 -0.2498 -0.0000 11.6538
-0.0000 -0.2424 -0.0000 11.7178
-0.0000 -0.2328 -0.0000 11.7818
-0.0000 -0.2215 -0.0000 11.8458
-0.0000 -0.2093 -0.0000 11.9098
-0.0000 -0.1956 -0.0000 11.9738
-0.0000 -0.1795 -0.0000 12.0378
-0.0000 -0.1603 -0.0000 12.1018
-0.0000 -0.1371 -0.0000 12.1658
-0.0000 -0.1076 -0.0000 12.2298
-0.0000 -0.0636 -0.0000 12.2938
-0.0000 -0.0035 0.0000 12.3578
-0.0000 -0.0021 0.0000 12.4218
-0.0000 -0.0008 0.0000 12.4858
-0.0000 -0.0003 0.0000 12.5498
-0.0000 -0.0001 0.0000 12.6138
-0.0000 -0.0000 0.0000 12.6778
-0.0000 -0.0000 0.0000 12.7418
-0.0000 -0.0000 0.0000 12.8058
-0.0000 -0.0000 0.0000 12.8698
-0.0000 -0.0000 0.0000 12.9338
-0.0000 -0.0000 0.0000 12.9978
-0.0000 -0.0000 0.0000 13.0618
-0.0000 -0.0000 0.0000 13.1258
-0.0000 -0.0000 0.0000 13.1898
-0.0000 -0.0000 0.0000 13.2538
-0.0000 -0.0000 0.0000 13.3178
-0.0000 -0.0000 0.0000 13.3818
-0.0000 -0.0000 0.0000 13.4458
-0.0000 -0.0000 0.0000 13.5098
0.0000 -0.0000 0.0000 13.5738
0.0000 -0.0000 0.0000 13.6378
0.0000 -0.0000 0.0000 13.7018
0.0000 -0.0000 0.0000 13.7658
0.0000 -0.0000 0.0000 13.8298
0.0000 0.0000 0.0000 13.8938
0.0000 0.0000 0.0000 13.9578
0.0000 0.0000 0.0000 14.0218
0.0000 0.0000 0.0000 14.0858
0.0000 0.0000 0.0000 14.1498
0.0000 0.0000 0.0000 14.2138
0.0000 0.0000 0.0000 14.2778
0.0000 0.0000 0.0000 14.3418
0.0000 0.0000 0.0000 14.4058
0.0000 0.0000 0.0000 14.4698
0.0000 0.0000 0.0000 14.5338
0.0000 0.0000 0.0000 14.5978
0.0000 0.0000 -0.0000 14.6618
0.0000 0.0000 -0.0000 14.7258
0.0000 0.0000 -0.0000 14.7898
0.0000 0.0000 -0.0000 14.8538
0.0000 0.0000 -0.0000 14.9178
0.0000 0.0000 -0.0000 14.9818
0.0000 0.0000 -0.0000 15.0458
0.0000 0.0000 -0.0000 15.1098
0.0000 0.0000 -0.0000 15.1738
0.0000 0.0000 -0.0000 15.2378
0.0000 0.0000 -0.0000 15.3018
0.0000 0.0000 -0.0000 15.3658
0.0000 0.0000 -0.0000 15.4298
0.0000 0.0000 -0.0000 15.4938
0.0000 0.0000 -0.0000 15.5578
0.0000 0.0000 -0.0000 15.6218
-0.0000 0.0000 -0.0000 15.6858
-0.0000 0.0000 -0.0000 15.7498
-0.0000 0.0000 -0.0000 15.8138
-0.0000 0.0000 -0.0000 15.8778
-0.0000 0.0000 -0.0000 15.9418
-0.0000 0.0000 -0.0000 16.0058
-0.0000 0.0000 -0.0000 16.0698
-0.0000 0.0000 -0.0000 16.1338
-0.0000 0.0000 -0.0000 16.1978
-0.0000 0.0000 -0.0000 16.2618
-0.0000 0.0000 -0.0000 16.3258
-0.0000 0.0000 0.0000 16.3898
-0.0000 0.0000 0.0000 16.4538
-0.0000 0.0000 0.0000 16.5178
-0.0000 0.0000 0.0000 16.5818
-0.0000 0.0000 0.0000 16.6458
-0.0000 0.0000 0.0000 16.7098
-0.0000 0.0000 0.0000 16.7738
-0.0000 0.0000 0.0000 16.8378
-0.0000 0.0000 0.0000 16.9018
-0.0000 0.0000 0.0000 16.9658
-0.0000 0.0000 0.0000 17.0298
-0.0000 0.0000 0.0000 17.0938
-0.0000 0.0000 0.0000 17.1578
-0.0000 0.0000 0.0000 17.2218
-0.0000 0.0000 0.0000 17.2858
-0.0000 0.0000 0.0000 17.3498
-0.0000 0.0000 0.0000 17.4138
-0.0000 0.0000 0.0000 17.4778
-0.0000 0.0000 0.0000 17.5418
-0.0000 0.0000 0.0000 17.6058
-0.0000 0.0000 0.0000 17.6698
0.0000 0.0000 0.0000 17.7338
0.0000 0.0000 0.0000 17.7978
0.0000 0.0000 0.0000 17.8618
0.0000 0.0000 0.0000 17.9258
0.0000 0.0000 0.0000 17.9898
0.0000 0.0000 0.0000 18.0538
0.0000 0.0000 0.0000 18.1178
0.0000 0.0000 0.0000 18.1818
0.0000 0.0000 0.0000 18.2458
0.0000 0.0000 0.0000 18.3098
0.0000 0.0000 0.0000 18.3738
0.0000 0.0000 0.0000 18.4378
0.0000 0.0000 0.0000 18.5018
0.0000 0.0000 0.0000 18.5658
0.0000 0.0000 0.0000 18.6298
0.0000 0.0000 0.0000 18.6938
0.0000 0.0000 0.0000 18.7578
0.0000 0.0000 0.0000 18.8218
0.0000 0.0000 -0.0000 18.8858
0.0000 0.0000 -0.0000 18.9498
0.0000 0.0000 -0.0000 19.0138
0.0000 0.0000 -0.0000 19.0778
0.0000 0.0000 -0.0000 19.1418
0.0000 0.0000 -0.0000 19.2058
0.0000 0.0000 -0.0000 19.2698
0.0000 0.0000 -0.0000 19.3338
0.0000 0.0000 -0.0000 19.3978
0.0000 0.0000 -0.0000 19.4618
0.0000 0.0000 -0.0000 19.5258
0.0000 0.0000 -0.0000 19.5898
0.0000 0.0000 -0.0000 19.6538
0.0000 0.0000 -0.0000 19.7178
0.0000 0.0000 -0.0000 19.7818
-0.0000 0.0000 -0.0000 19.8458
-0.0000 0.0000 -0.0000 19.9098
-0.0000 0.0000 -0.0000 19.9738
-0.0000 0.0000 -0.0000 20.0378
-0.0000 0.0000 -0.0000 20.1018
-0.0000 0.0000 -0.0000 20.1658
-0.0000 0.0000 -0.0000 20.2298
-0.0000 0.0000 -0.0000 20.2938
-0.0000 0.0000 -0.0000 20.3578
-0.0000 0.0000 -0.0000 20.4218
-0.0000 0.0000 -0.0000 20.4858
-0.0000 0.0000 -0.0000 20.5498
-0.0000 0.0000 0.0000 20.6138
-0.0000 0.0000 0.0000 20.6778
-0.0000 0.0000 0.0000 20.7418
-0.0000 0.0000 0.0000 20.8058
-0.0000 0.0000 0.0000 20.8698
-0.0000 0.0000 0.0000 20.9338
-0.0000 0.0000 0.0000 20.9978
-0.0000 0.0053 0.0000 21.0618
-0.0000 0.0110 0.0000 21.1258
-0.0000 0.0134 0.0000 21.1898
-0.0000 0.0143 0.0000 21.2538
-0.0000 0.0147 0.0000 21.3178
-0.0000 0.0149 0.0000 21.3818
-0.0000 0.0149 0.0000 21.4458
-0.0000 0.0149 0.0000 21.5098
-0.0000 0.0150 0.0000 21.5738
-0.0000 0.0150 0.0000 21.6378
-0.0000 0.0150 0.0000 21.7018
-0.0000 0.0150 0.0000 21.7658
-0.0000 0.0150 0.0000 21.8298
-0.0000 0.0150 0.0000 21.8938
-0.0000 0.0150 0.0000 21.9578
-0.0000 0.0150 0.0000 22.0218
0.0000 0.0150 0.0000 22.0858
0.0000 0.0150 0.0000 22.1498
0.0000 0.0150 0.0000 22.2138
